0.5249999999999999
0.0
0.0
0.0
-0.1
0.5
0.0
0.4333333333333333
0.0
0.0
0.0
0.25
0.0
-0.6444444444444445
0.25
0.0
-0.08333333333333333
0.0
-0.4000000000000001
0.0
-0.20000000000000004
0.0
-0.2
-0.6999999999999998
0.0
0.0
0.375
-0.5
-0.25
0.3333333333333333
-0.3333333333333333
-0.5
0.0
0.2
0.0
0.0
0.0
-0.09999999999999998
-0.7142857142857143
0.35
-0.5
-0.16666666666666666
0.0
0.075
0.0
0.2
-0.3458333333333333
0.0
0.0
0.5
0.0
0.0
-0.025000000000000022
0.3
0.0
0.0
0.6
-0.25
0.0
0.016666666666666663
0.0
-0.1
0.4166666666666667
-0.025000000000000022
0.0
0.0
-0.4000000000000001
0.0
0.8
0.13636363636363635
-0.3499999999999999
-0.22499999999999998
0.13636363636363635
-0.08333333333333333
-0.3333333333333333
0.0
0.0
0.4333333333333333
0.0
-0.0625
0.5
0.0
0.0
0.0
0.08333333333333333
0.15
0.17222222222222222
0.4681818181818182
-0.5
0.0
0.0
0.4
-0.025000000000000022
0.0
0.0
0.0
0.0
0.13333333333333336
-0.16666666666666666
0.14166666666666666
